$N
[1] 69

$C
            [,1]       [,2]       [,3]      [,4]       [,5]      [,6]     [,7]
 [1,] 1.0000e-05    0.00001    0.00001 1.000e-05    0.00001 1.000e-05 1.00e-05
 [2,] 1.4450e+03  911.00001 1290.00001 1.000e-05    0.00001 1.000e-05 1.00e-05
 [3,] 9.6600e+02   92.00001 1523.00001 1.000e-05    0.00001 1.000e-05 1.00e-05
 [4,] 9.6600e+02  137.00001 1890.00001 1.000e-05    0.00001 1.000e-05 1.00e-05
 [5,] 1.2030e+03  110.00001 1990.00001 1.000e-05    0.00001 1.000e-05 1.00e-05
 [6,] 3.0500e+02  156.00001 2573.00001 1.000e-05    0.00001 1.000e-05 1.00e-05
 [7,] 6.1900e+02  161.00001 2722.00001 1.000e-05    0.00001 1.000e-05 1.00e-05
 [8,] 3.7400e+02  223.00001 2761.00001 1.000e-05    0.00001 1.000e-05 1.00e-05
 [9,] 1.0000e+03  366.00001 3102.00001 1.000e-05   10.00001 1.000e-05 1.00e-05
[10,] 8.3200e+02  710.00001 3219.00001 1.000e-05   43.00001 1.000e-05 1.00e-05
[11,] 1.1000e+03  690.00001 4014.00001 1.000e-05   28.00001 1.000e-05 1.00e-05
[12,] 7.2200e+02  458.00001 2328.00001 1.000e-05   20.00001 1.000e-05 1.00e-05
[13,] 1.7000e+03  408.00001 1913.00001 1.000e-05   54.00001 1.000e-05 1.00e-05
[14,] 2.3000e+03  424.00001 2092.00001 1.000e-05  106.00001 1.000e-05 1.00e-05
[15,] 1.0000e+03 1250.00001 7482.00001 1.000e-05  311.00001 1.000e-05 1.00e-05
[16,] 1.8000e+03 1384.00001 7099.00001 1.000e-05  701.00001 1.000e-05 1.00e-05
[17,] 1.4330e+03 1227.00001 4674.00001 1.000e-05 1027.00001 1.000e-05 1.00e-05
[18,] 2.9990e+03  614.00001 4433.00001 1.000e-05  685.00001 1.000e-05 1.00e-05
[19,] 2.6900e+03  474.00001 4794.00001 1.000e-05  326.00001 1.000e-05 1.00e-05
[20,] 3.5510e+03  274.00001 4393.00001 1.000e-05  286.00001 1.000e-05 1.00e-05
[21,] 3.5020e+03  170.00001 4257.00001 1.000e-05  152.00001 1.000e-05 1.00e-05
[22,] 3.1600e+03  287.00001 4800.00001 1.000e-05  338.00001 1.000e-05 1.00e-05
[23,] 3.3840e+03   35.00001    0.00001 1.000e-05 1073.00001 1.000e-05 1.00e-05
[24,] 3.2100e+03  246.00001    0.00001 1.000e-05  939.00001 1.000e-05 1.00e-05
[25,] 3.8330e+03  406.00001    0.00001 1.000e-05  892.00001 1.000e-05 1.00e-05
[26,] 2.8930e+03 1125.00001    2.00001 1.000e-05 1330.00001 1.000e-05 1.00e-05
[27,] 3.7470e+03 1700.00001   21.00001 1.000e-05 2634.00001 1.000e-05 1.00e-05
[28,] 2.8160e+03 1429.00001   15.00001 1.000e-05 1484.00001 1.000e-05 1.00e-05
[29,] 3.3090e+03  912.00001  113.00001 1.000e-05 1334.00001 1.000e-05 1.00e-05
[30,] 3.6220e+03 3684.00001 2314.00001 1.000e-05 1580.00001 1.000e-05 1.00e-05
[31,] 2.5820e+03 4619.00001    0.00001 2.970e+03  845.00001 1.000e-05 1.00e-05
[32,] 3.8100e+03 5625.00001    0.00001 1.885e+03 1451.00001 1.000e-05 1.00e-05
[33,] 4.0140e+03 4530.00001    0.00001 5.610e+02 1451.00001 1.000e-05 1.00e-05
[34,] 4.5540e+03 5410.00001    0.00001 5.540e+02 1953.00001 1.000e-05 1.00e-05
[35,] 7.1000e+03 4820.00001    0.00001 1.088e+03  590.00001 1.000e-05 1.00e-05
[36,] 6.3150e+03 4749.00001    0.00001 4.990e+02  697.00001 1.000e-05 1.00e-05
[37,] 7.4410e+03 4705.00001    0.00001 5.850e+02 1081.00001 1.000e-05 1.00e-05
[38,] 9.7190e+03 5210.00001    0.00001 1.059e+03  875.00001 1.000e-05 1.00e-05
[39,] 1.1135e+04 5247.00001    0.00001 9.540e+02  473.00001 1.000e-05 1.00e-05
[40,] 9.7990e+03 6171.00001    0.00001 8.980e+02  651.00001 1.000e-05 1.00e-05
[41,] 6.6480e+03 6411.00001    0.00001 1.247e+03 1892.00001 1.000e-05 1.00e-05
[42,] 6.3860e+03 5519.00001    0.00001 9.110e+02 1102.00001 1.000e-05 1.00e-05
[43,] 6.6330e+03 4525.00001    0.00001 1.026e+03  995.00001 1.000e-05 1.00e-05
[44,] 6.6720e+03 4235.00001    0.00001 1.547e+03 1067.00001 1.000e-05 1.00e-05
[45,] 6.5980e+03 4191.00001    0.00001 2.234e+03 1145.00001 1.000e-05 1.00e-05
[46,] 6.1850e+03 4074.00001    0.00001 1.676e+03  949.00001 1.000e-05 1.00e-05
[47,] 6.9530e+03 4552.00001    0.00001 1.610e+03 1059.00001 1.000e-05 1.00e-05
[48,] 5.5470e+03 4147.00001    0.00001 7.390e+02 1513.00001 1.000e-05 1.00e-05
[49,] 5.1400e+03 3433.00001    0.00001 1.094e+03 1233.00001 1.000e-05 1.00e-05
[50,] 4.0790e+03 3491.00001    0.00001 1.167e+03 1391.00001 1.000e-05 1.00e-05
[51,] 3.9960e+03 3402.00001    0.00001 1.154e+03 1089.00001 1.000e-05 1.00e-05
[52,] 4.5950e+03 3353.00001    0.00001 1.018e+03  759.00001 1.000e-05 1.00e-05
[53,] 3.9680e+03 2525.00001    0.00001 1.105e+03  567.00001 1.000e-05 1.00e-05
[54,] 3.9570e+03 2648.00001    0.00001 9.920e+02  319.00001 1.000e-05 1.00e-05
[55,] 4.5860e+03 2795.00001    0.00001 1.363e+03  263.00001 1.000e-05 1.00e-05
[56,] 5.3760e+03 2655.00001    0.00001 1.248e+03  575.00001 1.000e-05 1.00e-05
[57,] 5.5210e+03 2388.00001    0.00001 1.664e+03  756.00001 1.000e-05 1.00e-05
[58,] 5.4480e+03 2058.00001    0.00001 1.442e+03    0.00001 7.210e+02 1.00e-05
[59,] 5.5640e+03 2683.00001    0.00001 1.409e+03    0.00001 1.064e+03 1.00e-05
[60,] 4.3660e+03 2592.00001    0.00001 1.373e+03    0.00001 1.092e+03 1.00e-05
[61,] 4.9490e+03 2878.00001    0.00001 1.309e+03    0.00001 7.810e+02 1.00e-05
[62,] 4.1470e+03 2412.00001    0.00001 1.361e+03    0.00001 1.062e+03 1.00e-05
[63,] 4.8890e+03 2774.00001    0.00001 1.558e+03    0.00001 1.000e-05 6.93e+02
[64,] 5.6220e+03 3610.00001    0.00001 1.599e+03    0.00001 1.000e-05 6.85e+02
[65,] 4.0840e+03 2944.00001    0.00001 1.565e+03    0.00001 1.000e-05 3.84e+02
[66,] 3.7500e+03 1962.00001    0.00001 1.616e+03    0.00001 1.000e-05 5.84e+02
[67,] 3.9620e+03 2254.00001    0.00001 1.405e+03    0.00001 1.000e-05 3.76e+02
[68,] 4.1960e+03 2387.00001    0.00001 1.487e+03    0.00001 1.000e-05 3.98e+02
[69,] 4.1960e+03 2387.00001    0.00001 1.487e+03    0.00001 1.000e-05 3.98e+02
            [,8]      [,9]      [,10]     [,11]
 [1,]    0.00001   0.00001    0.00001 1.000e-05
 [2,]    0.00001   0.00001    0.00001 1.000e-05
 [3,]    0.00001   0.00001    0.00001 1.000e-05
 [4,]    0.00001   0.00001    0.00001 1.000e-05
 [5,]    0.00001   0.00001    0.00001 1.000e-05
 [6,]    0.00001   0.00001    0.00001 1.000e-05
 [7,]    0.00001   0.00001    0.00001 1.000e-05
 [8,]    0.00001   0.00001    0.00001 1.000e-05
 [9,]    0.00001   0.00001    0.00001 1.000e+02
[10,]    0.00001   0.00001    0.00001 1.000e+02
[11,]    0.00001   0.00001    0.00001 4.000e+02
[12,]    0.00001   0.00001    0.00001 3.000e+02
[13,]    0.00001   0.00001    6.00001 3.000e+02
[14,]    0.00001   0.00001   12.00001 4.080e+02
[15,]    0.00001   3.00001    6.00001 1.380e+02
[16,]    9.00001   1.00001  118.00001 1.460e+02
[17,]    6.00001   1.00001  100.00001 1.840e+02
[18,]   15.00001  48.00001   61.00001 4.940e+02
[19,]   11.00001  99.00001   34.00001 6.790e+02
[20,]   12.00001 150.00001   43.00001 4.630e+02
[21,]   11.00001 283.00001   20.00001 8.080e+02
[22,]    8.00001 304.00001   17.00001 5.810e+02
[23,]   11.00001 294.00001   33.00001 4.360e+02
[24,]   21.00001 168.00001   43.00001 1.390e+02
[25,]   37.00001 316.00001   18.00001 5.720e+02
[26,]   92.00001 265.00001   15.00001 6.400e+02
[27,]   58.00001 272.00001   15.00001 3.920e+02
[28,]   32.00001 471.00001   12.00001 4.370e+02
[29,]   38.00001 246.00001    7.00001 4.500e+02
[30,]   17.00001 164.00001   11.00001 4.350e+02
[31,]   29.00001 338.00001  208.00001 3.460e+02
[32,]   15.00001 134.00001  136.00001 5.020e+02
[33,]   13.00001 182.00001  124.00001 3.050e+02
[34,]   11.00001 260.00001   91.00001 3.820e+02
[35,]    9.00001 272.00001  129.00001 5.190e+02
[36,]   14.00001 164.00001   81.00001 2.720e+02
[37,]   22.00001 152.00001  137.00001 2.600e+02
[38,]  468.00001 157.00001  181.00001 8.170e+02
[39,]  994.00001  52.00001  197.00001 1.184e+03
[40,]  617.00001  23.00001  196.00001 1.158e+03
[41,]  300.00001  17.00001  222.00001 5.130e+02
[42,]  475.00001 270.00001   91.00001 9.180e+02
[43,]  773.00001 577.00001  110.00001 2.950e+02
[44,]  542.00001 441.00001   69.00001 8.210e+02
[45,] 1961.00001 127.00001   39.00001 4.430e+02
[46,] 1599.00001 507.00001   36.00001 4.750e+02
[47,] 1617.00001 489.00001   79.00001 5.130e+02
[48,] 1703.00001 521.00001  462.00001 5.900e+02
[49,]  903.00001 509.00001  267.00001 4.460e+02
[50,]  773.00001 286.00001  191.00001 8.450e+02
[51,]  777.00001 285.00001  119.00001 7.990e+02
[52,]  731.00001 347.00001  114.00001 5.350e+02
[53,]  734.00001 299.00001  523.00001 2.890e+02
[54,]  766.00001 310.00001  223.00001 4.390e+02
[55,] 1032.00001 257.00001  329.00001 8.180e+02
[56,] 1320.00001  30.00001  335.00001 6.370e+02
[57,]  900.00001 140.00001  334.00001 7.770e+02
[58,]  949.00001 172.00001  341.00001 3.400e+02
[59,]  778.00001 103.00001  237.00001 4.640e+02
[60,]  747.00001  82.00001  430.00001 3.680e+02
[61,]  898.00001  89.00001  724.00001 4.540e+02
[62,] 1054.00001  88.00001  963.00001 4.660e+02
[63,] 1203.00001 192.00001  782.00001 4.310e+02
[64,]  882.00001 193.00001  770.00001 5.120e+02
[65,] 1438.00001 124.00001 1062.00001 4.670e+02
[66,] 1241.00001 198.00001 1062.00001 3.980e+02
[67,] 1117.00001 146.00001  809.00001 4.800e+02
[68,] 1183.00001 155.00001  857.00001 5.090e+02
[69,] 1183.00001 155.00001  857.00001 5.090e+02

$TC
 [1] 1.1000e-04 3.6460e+03 2.5810e+03 2.9930e+03 3.3030e+03 3.0340e+03 3.5020e+03
 [8] 3.3580e+03 4.5780e+03 4.9040e+03 6.2320e+03 3.8280e+03 4.3810e+03 5.3420e+03
[15] 1.0190e+04 1.1258e+04 8.6520e+03 9.3490e+03 9.1070e+03 9.1720e+03 9.2030e+03
[22] 9.4950e+03 5.2660e+03 4.7660e+03 6.0740e+03 6.3620e+03 8.8390e+03 6.6960e+03
[29] 6.4090e+03 1.1827e+04 1.1937e+04 1.3558e+04 1.1180e+04 1.3215e+04 1.4527e+04
[36] 1.2791e+04 1.4383e+04 1.8486e+04 2.0236e+04 1.9513e+04 1.7250e+04 1.5672e+04
[43] 1.4934e+04 1.5394e+04 1.6738e+04 1.5501e+04 1.6872e+04 1.5222e+04 1.3025e+04
[50] 1.2223e+04 1.1621e+04 1.1452e+04 1.0010e+04 9.6540e+03 1.1443e+04 1.2176e+04
[57] 1.2480e+04 1.1471e+04 1.2302e+04 1.1050e+04 1.2082e+04 1.1553e+04 1.2522e+04
[64] 1.3873e+04 1.2068e+04 1.0811e+04 1.0549e+04 1.1172e+04 1.1172e+04

$I
       [,1]   [,2]   [,3]    [,4]   [,5]   [,6]  [,7]  [,8]   [,9]
 [1,]    NA     NA     NA      NA     NA     NA    NA    NA     NA
 [2,]    NA     NA     NA      NA     NA     NA    NA    NA     NA
 [3,]    NA     NA     NA      NA     NA     NA    NA    NA     NA
 [4,]    NA     NA     NA      NA     NA     NA    NA    NA     NA
 [5,]    NA     NA     NA      NA     NA     NA    NA    NA     NA
 [6,]    NA     NA     NA      NA     NA     NA    NA    NA     NA
 [7,]    NA     NA     NA      NA     NA     NA    NA    NA     NA
 [8,]    NA     NA     NA      NA     NA     NA    NA    NA     NA
 [9,]    NA     NA     NA      NA     NA     NA    NA    NA     NA
[10,]    NA     NA     NA      NA     NA     NA    NA    NA     NA
[11,]    NA     NA     NA      NA     NA     NA    NA    NA     NA
[12,]    NA     NA     NA      NA     NA     NA    NA    NA     NA
[13,]    NA     NA     NA      NA     NA     NA    NA    NA     NA
[14,]    NA 109.27     NA      NA     NA     NA    NA    NA     NA
[15,]    NA 201.92     NA      NA     NA     NA    NA    NA     NA
[16,]    NA  79.73     NA      NA     NA     NA    NA    NA     NA
[17,]    NA  55.55     NA      NA     NA     NA    NA    NA     NA
[18,]    NA  58.74     NA      NA     NA     NA    NA    NA     NA
[19,]    NA  78.04     NA      NA     NA     NA    NA    NA     NA
[20,]    NA  54.03     NA      NA     NA     NA    NA    NA     NA
[21,]    NA  51.12     NA      NA     NA     NA    NA    NA     NA
[22,]    NA  65.66     NA      NA     NA     NA    NA    NA     NA
[23,]    NA     NA     NA      NA     NA     NA    NA    NA     NA
[24,]    NA     NA     NA      NA     NA     NA    NA    NA     NA
[25,]    NA     NA     NA      NA     NA     NA    NA    NA     NA
[26,]    NA     NA     NA 27.5301     NA     NA    NA    NA     NA
[27,]    NA     NA     NA 18.7565     NA     NA    NA    NA     NA
[28,]    NA     NA     NA 20.5882     NA     NA    NA    NA     NA
[29,]    NA     NA     NA  5.1727     NA     NA    NA    NA     NA
[30,]    NA     NA     NA  5.1105     NA     NA    NA    NA     NA
[31,]    NA     NA  94.62  6.2764     NA     NA    NA    NA     NA
[32,]    NA     NA  81.66  7.0430     NA     NA    NA    NA     NA
[33,]    NA     NA  85.02  9.9073     NA     NA    NA    NA     NA
[34,]    NA     NA  66.70  8.4890     NA     NA    NA    NA 1.5690
[35,]    NA     NA  57.93 11.3197     NA     NA    NA    NA 1.2200
[36,]    NA     NA  57.23 11.4093     NA     NA    NA    NA 1.3016
[37,]    NA     NA  67.85 11.9203     NA     NA    NA    NA 1.2046
[38,]    NA     NA 112.51  7.2491     NA     NA    NA    NA 1.0476
[39,]    NA     NA  80.25  9.1233     NA     NA    NA    NA 1.0966
[40,]    NA     NA  77.46 10.1965     NA     NA    NA    NA 0.9194
[41,]    NA     NA  73.07  8.5092     NA     NA    NA    NA 0.8714
[42,]    NA     NA 105.10  5.2557     NA     NA    NA    NA 0.8257
[43,]    NA     NA  70.71  3.8598     NA     NA    NA    NA 0.9410
[44,] 0.993     NA  83.75  3.9965     NA     NA    NA    NA 1.0637
[45,] 0.941     NA  70.63  4.3247     NA     NA    NA    NA 0.9004
[46,] 0.968     NA  51.84  1.9829     NA     NA    NA    NA 0.7462
[47,] 0.962     NA  64.40  1.2971     NA     NA    NA    NA 0.7818
[48,] 0.804     NA  39.37  1.6313     NA     NA    NA    NA 0.6339
[49,] 0.950     NA  56.10  2.7716     NA     NA    NA    NA 0.5215
[50,] 1.379     NA  78.32  2.7845     NA     NA    NA    NA 0.5263
[51,] 1.286     NA 104.47      NA     NA     NA 217.6    NA 0.4398
[52,] 0.990     NA  77.58      NA     NA     NA 308.5    NA 0.7633
[53,] 0.882     NA  89.67      NA     NA     NA 323.3    NA 0.5873
[54,] 1.081     NA 134.23      NA     NA     NA 281.9    NA 0.6364
[55,] 0.944     NA  94.73      NA     NA     NA 328.9    NA 0.7247
[56,] 0.810     NA  88.85      NA     NA     NA 395.9    NA 0.5890
[57,] 1.159     NA 106.22      NA     NA     NA 305.2 558.3 0.5703
[58,] 1.075     NA  92.80      NA  4.740     NA 301.2 277.4 0.5483
[59,] 1.347     NA  86.94      NA  5.823     NA 329.4 227.1 0.8032
[60,] 1.249     NA 110.49      NA  9.318     NA 305.1 294.3 0.7319
[61,] 1.035     NA  96.25      NA 18.956     NA 365.6 294.7 0.7920
[62,] 0.736     NA 137.25      NA 18.937     NA 416.4 450.5 0.5240
[63,] 1.011     NA 100.51      NA     NA 26.051 357.0 314.4 0.6963
[64,] 1.025     NA 108.48      NA     NA 21.305 487.2 331.4 0.9326
[65,] 0.920     NA 105.22      NA     NA  7.574 457.2 362.9 0.5513
[66,] 0.719     NA  84.92      NA     NA 11.709 426.2 273.4 1.2763
[67,] 0.733     NA  88.35      NA     NA 20.417 583.3 304.9 1.3314
[68,]    NA     NA  65.27      NA     NA     NA 551.6 357.7     NA
[69,]    NA     NA     NA      NA     NA     NA    NA    NA     NA

$SE2
      [,1] [,2] [,3] [,4] [,5] [,6] [,7] [,8] [,9]
 [1,] 0.09 0.09 0.09 0.09 0.09 0.09 0.09 0.09 0.09
 [2,] 0.09 0.09 0.09 0.09 0.09 0.09 0.09 0.09 0.09
 [3,] 0.09 0.09 0.09 0.09 0.09 0.09 0.09 0.09 0.09
 [4,] 0.09 0.09 0.09 0.09 0.09 0.09 0.09 0.09 0.09
 [5,] 0.09 0.09 0.09 0.09 0.09 0.09 0.09 0.09 0.09
 [6,] 0.09 0.09 0.09 0.09 0.09 0.09 0.09 0.09 0.09
 [7,] 0.09 0.09 0.09 0.09 0.09 0.09 0.09 0.09 0.09
 [8,] 0.09 0.09 0.09 0.09 0.09 0.09 0.09 0.09 0.09
 [9,] 0.09 0.09 0.09 0.09 0.09 0.09 0.09 0.09 0.09
[10,] 0.09 0.09 0.09 0.09 0.09 0.09 0.09 0.09 0.09
[11,] 0.09 0.09 0.09 0.09 0.09 0.09 0.09 0.09 0.09
[12,] 0.09 0.09 0.09 0.09 0.09 0.09 0.09 0.09 0.09
[13,] 0.09 0.09 0.09 0.09 0.09 0.09 0.09 0.09 0.09
[14,] 0.09 0.09 0.09 0.09 0.09 0.09 0.09 0.09 0.09
[15,] 0.09 0.09 0.09 0.09 0.09 0.09 0.09 0.09 0.09
[16,] 0.09 0.09 0.09 0.09 0.09 0.09 0.09 0.09 0.09
[17,] 0.09 0.09 0.09 0.09 0.09 0.09 0.09 0.09 0.09
[18,] 0.09 0.09 0.09 0.09 0.09 0.09 0.09 0.09 0.09
[19,] 0.09 0.09 0.09 0.09 0.09 0.09 0.09 0.09 0.09
[20,] 0.09 0.09 0.09 0.09 0.09 0.09 0.09 0.09 0.09
[21,] 0.09 0.09 0.09 0.09 0.09 0.09 0.09 0.09 0.09
[22,] 0.09 0.09 0.09 0.09 0.09 0.09 0.09 0.09 0.09
[23,] 0.09 0.09 0.09 0.09 0.09 0.09 0.09 0.09 0.09
[24,] 0.09 0.09 0.09 0.09 0.09 0.09 0.09 0.09 0.09
[25,] 0.09 0.09 0.09 0.09 0.09 0.09 0.09 0.09 0.09
[26,] 0.09 0.09 0.09 0.09 0.09 0.09 0.09 0.09 0.09
[27,] 0.09 0.09 0.09 0.09 0.09 0.09 0.09 0.09 0.09
[28,] 0.09 0.09 0.09 0.09 0.09 0.09 0.09 0.09 0.09
[29,] 0.09 0.09 0.09 0.09 0.09 0.09 0.09 0.09 0.09
[30,] 0.09 0.09 0.09 0.09 0.09 0.09 0.09 0.09 0.09
[31,] 0.09 0.09 0.09 0.09 0.09 0.09 0.09 0.09 0.09
[32,] 0.09 0.09 0.09 0.09 0.09 0.09 0.09 0.09 0.09
[33,] 0.09 0.09 0.09 0.09 0.09 0.09 0.09 0.09 0.09
[34,] 0.09 0.09 0.09 0.09 0.09 0.09 0.09 0.09 0.09
[35,] 0.09 0.09 0.09 0.09 0.09 0.09 0.09 0.09 0.09
[36,] 0.09 0.09 0.09 0.09 0.09 0.09 0.09 0.09 0.09
[37,] 0.09 0.09 0.09 0.09 0.09 0.09 0.09 0.09 0.09
[38,] 0.09 0.09 0.09 0.09 0.09 0.09 0.09 0.09 0.09
[39,] 0.09 0.09 0.09 0.09 0.09 0.09 0.09 0.09 0.09
[40,] 0.09 0.09 0.09 0.09 0.09 0.09 0.09 0.09 0.09
[41,] 0.09 0.09 0.09 0.09 0.09 0.09 0.09 0.09 0.09
[42,] 0.09 0.09 0.09 0.09 0.09 0.09 0.09 0.09 0.09
[43,] 0.09 0.09 0.09 0.09 0.09 0.09 0.09 0.09 0.09
[44,] 0.09 0.09 0.09 0.09 0.09 0.09 0.09 0.09 0.09
[45,] 0.09 0.09 0.09 0.09 0.09 0.09 0.09 0.09 0.09
[46,] 0.09 0.09 0.09 0.09 0.09 0.09 0.09 0.09 0.09
[47,] 0.09 0.09 0.09 0.09 0.09 0.09 0.09 0.09 0.09
[48,] 0.09 0.09 0.09 0.09 0.09 0.09 0.09 0.09 0.09
[49,] 0.09 0.09 0.09 0.09 0.09 0.09 0.09 0.09 0.09
[50,] 0.09 0.09 0.09 0.09 0.09 0.09 0.09 0.09 0.09
[51,] 0.09 0.09 0.09 0.09 0.09 0.09 0.09 0.09 0.09
[52,] 0.09 0.09 0.09 0.09 0.09 0.09 0.09 0.09 0.09
[53,] 0.09 0.09 0.09 0.09 0.09 0.09 0.09 0.09 0.09
[54,] 0.09 0.09 0.09 0.09 0.09 0.09 0.09 0.09 0.09
[55,] 0.09 0.09 0.09 0.09 0.09 0.09 0.09 0.09 0.09
[56,] 0.09 0.09 0.09 0.09 0.09 0.09 0.09 0.09 0.09
[57,] 0.09 0.09 0.09 0.09 0.09 0.09 0.09 0.09 0.09
[58,] 0.09 0.09 0.09 0.09 0.09 0.09 0.09 0.09 0.09
[59,] 0.09 0.09 0.09 0.09 0.09 0.09 0.09 0.09 0.09
[60,] 0.09 0.09 0.09 0.09 0.09 0.09 0.09 0.09 0.09
[61,] 0.09 0.09 0.09 0.09 0.09 0.09 0.09 0.09 0.09
[62,] 0.09 0.09 0.09 0.09 0.09 0.09 0.09 0.09 0.09
[63,] 0.09 0.09 0.09 0.09 0.09 0.09 0.09 0.09 0.09
[64,] 0.09 0.09 0.09 0.09 0.09 0.09 0.09 0.09 0.09
[65,] 0.09 0.09 0.09 0.09 0.09 0.09 0.09 0.09 0.09
[66,] 0.09 0.09 0.09 0.09 0.09 0.09 0.09 0.09 0.09
[67,] 0.09 0.09 0.09 0.09 0.09 0.09 0.09 0.09 0.09
[68,] 0.09 0.09 0.09 0.09 0.09 0.09 0.09 0.09 0.09
[69,] 0.09 0.09 0.09 0.09 0.09 0.09 0.09 0.09 0.09

$mu.prod.prior
[1] -0.9425947 -0.7073121

$cov.prod.prior
            [,1]        [,2]
[1,]  0.13305944 -0.06729972
[2,] -0.06729972  0.05160370

$psi.pr
[1] 0.99875234 0.04996879

$SB0.pr
[1] 89442.719100     1.268636

$coefT
          [,1]      [,2]      [,3]      [,4]      [,5]      [,6]
[1,] 3.7895708 5.0036586 3.7094049 3.1822412 1.6008594 3.0184596
[2,] 2.0592447 2.3214911 2.1093321 1.5603312 0.6896072 1.9706230
[3,] 4.4410153 3.9844267 4.4068921 4.3048706 4.2303412 2.4734325
[4,] 0.1025118 0.1013033 0.1004248 0.1004706 0.1020153 0.1000283
[5,] 0.8650950 0.8579530 0.8571265 0.8760856 0.8998417 0.8816846

$nSel
[1] 6

$nq
[1] 9

$nC
[1] 11

$nI
[1] 9

$nvar
[1] 6

$sigma.fixed
[1] 0

$sets.var
[1] 1 2 2 3 3 3 4 5 6

$sets.q
[1] 1 2 3 4 5 6 7 8 9

$sets.EB
[1] 1 2 2 3 3 3 4 5 6

$sets.C
 [1] 1 2 3 3 4 4 4 1 1 5 1

$SBmsytoSB0
[1] 0

$nTAC
[1] 8

$pyrs
[1] 10

$TAC
      [,1] [,2]  [,3]  [,4]  [,5]  [,6]  [,7]  [,8]
 [1,] 9000 9500 10000 10500 11000 11500 12000 12500
 [2,] 9000 9500 10000 10500 11000 11500 12000 12500
 [3,] 9000 9500 10000 10500 11000 11500 12000 12500
 [4,] 9000 9500 10000 10500 11000 11500 12000 12500
 [5,] 9000 9500 10000 10500 11000 11500 12000 12500
 [6,] 9000 9500 10000 10500 11000 11500 12000 12500
 [7,] 9000 9500 10000 10500 11000 11500 12000 12500
 [8,] 9000 9500 10000 10500 11000 11500 12000 12500
 [9,] 9000 9500 10000 10500 11000 11500 12000 12500
[10,] 9000 9500 10000 10500 11000 11500 12000 12500

$pr.proc
[1] 0.001 0.001

$stI
[1] 31

$P_bound
[1] 0.03 1.20

$pen.bk
 [1] 0 0 0 0 0 0 0 0 0 0 0 0 0 0 0 0 0 0 0 0 0 0 0 0 0 0 0 0 0 0 0 0 0 0 0 0 0 0 0 0
[41] 0 0 0 0 0 0 0 0 0 0 0 0 0 0 0 0 0 0 0 0 0 0 0 0 0 0 0 0 0

$q_bounds
[1] 1e-30 1e+03

$sigmaobs_bound
[1] 1

$sigmaproc_bound
[1] 0.2

$SB0_bounds
[1] 1e-02 1e+10

$dHmsy.pr
         [,1]     [,2]     [,3]     [,4]     [,5]
[1,] 1730.774 609.8430 1238.010 4887.035 432.3414
[2,] 1416.673 451.7858 1087.041 4961.366 298.2856

$Stock
$Stock$minage
[1] 0

$Stock$maxage
[1] 25

$Stock$nsexes
[1] 2

$Stock$PlusGroup
[1] TRUE

$Stock$Growth
[1] "VBGF (Linf, k, t0)"

$Stock$vb.female
       Linf           K          t0 
290.1492130   0.1437317  -1.1632501 

$Stock$vb.male
       Linf           K          t0 
290.1492130   0.1437317  -1.1632501 

$Stock$LW
[1] "Length-Weight relationship (a,b)"

$Stock$lw.female
[1] 0.0001288728 2.5862696097

$Stock$lw.male
[1] 0.0001288728 2.5862696097

$Stock$Maturation
[1] "Maturity@Length(50%, 95%)"

$Stock$maturity
[1] 173.5430 182.2202

$Stock$NatMortality
[1] "Natural Mortality (M): Mean, CV"

$Stock$M
[1] 0.2 0.2

$Stock$SSR
[1] "B&H steepness (h): mean, CV"

$Stock$h
[1] 0.8 0.1


$Model.type
[1] "JS"

$proc.dev.all
[1] 1979

$Bmsy_target
[1] "Bmsy"

$Do.Projection
[1] TRUE

$TAC.implementation
[1] 2018

$catch.metric
[1] "(t)"

$harvest.label
[1] "Fmsy"

$Run.CPUE.avg.tool
[1] TRUE

$Use.avg.CPUE
[1] FALSE

$Specify.init.values
[1] FALSE

$save.trajectories
[1] TRUE

$save.large.posterior.object
[1] FALSE

$Seed
[1] 566608

$MCMC.ni
[1] 25000

$MCMC.saved.steps
[1] 2

$MCMC.burnin
[1] 3000

$MCMC.Chains
[1] 1

$MCMC.saved
[1] 11000

