$N
[1] 40

$C
            [,1]       [,2]
 [1,]  231.92825    0.00001
 [2,]  365.44209    0.00001
 [3,]  590.27070    0.00001
 [4,]  593.04811    0.00001
 [5,]  521.85448    0.00001
 [6,]  546.54437    0.00001
 [7,]  609.22542    0.00001
 [8,]  879.38574    0.00001
 [9,]  979.74810    0.00001
[10,] 1087.29233    0.00001
[11,] 1421.59137    0.00001
[12,] 1603.88969    0.00001
[13,] 2524.39610    0.00001
[14,] 3140.41028    0.00001
[15,] 3125.78330    0.00001
[16,] 2934.80422    0.00001
[17,] 2682.58052    0.00001
[18,] 2418.39385    0.00001
[19,] 1968.18492    0.00001
[20,] 2122.57966    0.00001
[21,] 2104.65264    0.00001
[22,] 2531.16922    0.00001
[23,] 2566.44752    0.00001
[24,] 2465.43089    0.00001
[25,] 1687.65731    0.00001
[26,]    0.00001 1345.44581
[27,]    0.00001 1016.07206
[28,]    0.00001  831.98793
[29,]    0.00001  833.30043
[30,]    0.00001  635.14007
[31,]    0.00001  678.39408
[32,]    0.00001  604.60243
[33,]    0.00001  633.81839
[34,]    0.00001  754.22671
[35,]    0.00001  850.03593
[36,]    0.00001  921.07552
[37,]    0.00001 1046.47183
[38,]    0.00001 1019.98662
[39,]    0.00001 1243.78505
[40,]    0.00001 1473.11812

$TC
 [1]  231.9283  365.4421  590.2707  593.0481  521.8545  546.5444  609.2254  879.3857  979.7481 1087.2923 1421.5914
[12] 1603.8897 2524.3961 3140.4103 3125.7833 2934.8042 2682.5805 2418.3939 1968.1849 2122.5797 2104.6526 2531.1692
[23] 2566.4475 2465.4309 1687.6573 1345.4458 1016.0721  831.9879  833.3004  635.1401  678.3941  604.6024  633.8184
[34]  754.2267  850.0359  921.0755 1046.4718 1019.9866 1243.7851 1473.1181

$I
           [,1]     [,2]      [,3]      [,4]
 [1,] 1337.2715       NA 1193.1265        NA
 [2,] 1646.1422       NA  556.5575        NA
 [3,] 1059.4442       NA  438.1429        NA
 [4,] 1487.8480       NA  417.5166        NA
 [5,] 1007.6179       NA  438.3711        NA
 [6,]  840.5641       NA  233.8213        NA
 [7,] 1018.7651       NA  264.4338        NA
 [8,] 1180.6561       NA  668.9358        NA
 [9,] 1104.2848       NA  252.7012        NA
[10,] 1365.4907       NA  577.4658        NA
[11,] 1247.7815       NA  345.3912        NA
[12,] 1357.5775       NA  775.8303        NA
[13,] 1197.7690       NA  803.2722        NA
[14,] 1308.7464       NA 1295.7875        NA
[15,] 1063.8399       NA  392.0801        NA
[16,] 1109.7581       NA  220.0082        NA
[17,]  688.8640       NA  385.0938        NA
[18,]  899.5883       NA  223.8633        NA
[19,]  799.0952       NA  304.6356        NA
[20,]  731.2715       NA  301.6487        NA
[21,]  775.0258       NA  337.9244        NA
[22,]  473.3549       NA  342.3518        NA
[23,]  448.7306       NA  171.0021        NA
[24,]  400.7545       NA  185.0781        NA
[25,]  251.9228       NA  251.8943        NA
[26,]        NA 215.5403        NA 102.59326
[27,]        NA 250.5999        NA  57.12956
[28,]        NA 196.3446        NA  94.97999
[29,]        NA 145.0162        NA 104.25863
[30,]        NA 182.1761        NA  97.31012
[31,]        NA 238.8111        NA 126.79773
[32,]        NA 252.4216        NA 122.92259
[33,]        NA 312.9320        NA  89.16604
[34,]        NA 439.6312        NA 188.05620
[35,]        NA 440.3762        NA 206.55989
[36,]        NA 453.9709        NA 161.12151
[37,]        NA 434.2954        NA 303.90685
[38,]        NA 443.2796        NA 178.36726
[39,]        NA 545.4241        NA 195.17324
[40,]        NA 553.5705        NA 273.71801

$SE2
        [,1]   [,2]   [,3]   [,4]
 [1,] 0.0101 0.0082 0.0401 0.0082
 [2,] 0.0101 0.0082 0.0401 0.0082
 [3,] 0.0101 0.0082 0.0401 0.0082
 [4,] 0.0101 0.0082 0.0401 0.0082
 [5,] 0.0101 0.0082 0.0401 0.0082
 [6,] 0.0101 0.0082 0.0401 0.0082
 [7,] 0.0101 0.0082 0.0401 0.0082
 [8,] 0.0101 0.0082 0.0401 0.0082
 [9,] 0.0101 0.0082 0.0401 0.0082
[10,] 0.0101 0.0082 0.0401 0.0082
[11,] 0.0101 0.0082 0.0401 0.0082
[12,] 0.0101 0.0082 0.0401 0.0082
[13,] 0.0101 0.0082 0.0401 0.0082
[14,] 0.0101 0.0082 0.0401 0.0082
[15,] 0.0101 0.0082 0.0401 0.0082
[16,] 0.0101 0.0082 0.0401 0.0082
[17,] 0.0101 0.0082 0.0401 0.0082
[18,] 0.0101 0.0082 0.0401 0.0082
[19,] 0.0101 0.0082 0.0401 0.0082
[20,] 0.0101 0.0082 0.0401 0.0082
[21,] 0.0101 0.0082 0.0401 0.0082
[22,] 0.0101 0.0082 0.0401 0.0082
[23,] 0.0101 0.0082 0.0401 0.0082
[24,] 0.0101 0.0082 0.0401 0.0082
[25,] 0.0101 0.0082 0.0401 0.0082
[26,] 0.0082 0.0101 0.0082 0.0401
[27,] 0.0082 0.0101 0.0082 0.0401
[28,] 0.0082 0.0101 0.0082 0.0401
[29,] 0.0082 0.0101 0.0082 0.0401
[30,] 0.0082 0.0101 0.0082 0.0401
[31,] 0.0082 0.0101 0.0082 0.0401
[32,] 0.0082 0.0101 0.0082 0.0401
[33,] 0.0082 0.0101 0.0082 0.0401
[34,] 0.0082 0.0101 0.0082 0.0401
[35,] 0.0082 0.0101 0.0082 0.0401
[36,] 0.0082 0.0101 0.0082 0.0401
[37,] 0.0082 0.0101 0.0082 0.0401
[38,] 0.0082 0.0101 0.0082 0.0401
[39,] 0.0082 0.0101 0.0082 0.0401
[40,] 0.0082 0.0101 0.0082 0.0401

$mu.prod.prior
[1] -2.0368368 -0.1758984

$cov.prod.prior
            [,1]        [,2]
[1,]  0.06727522 -0.04031960
[2,] -0.04031960  0.02642028

$psi.pr
[1] 0.9578263 0.2935604

$SB0.pr
[1] 13416.407865     1.268636

$coefT
          [,1]
[1,] 0.9999990
[2,] 0.9999900
[3,] 0.0000001
[4,] 0.1000000
[5,] 0.9000000

$nSel
[1] 1

$nq
[1] 4

$nC
[1] 2

$nI
[1] 4

$nvar
[1] 2

$sigma.fixed
[1] 0

$sets.var
[1] 1 1 2 2

$sets.q
[1] 1 2 3 4

$sets.EB
[1] 1 1 1 1

$sets.C
[1] 1 1

$SBmsytoSB0
[1] 0.4

$nTAC
[1] 8

$pyrs
[1] 10

$TAC
      [,1] [,2] [,3] [,4] [,5] [,6] [,7] [,8]
 [1,]  737  884 1032 1179 1326 1474 1621 1768
 [2,]  737  884 1032 1179 1326 1474 1621 1768
 [3,]  737  884 1032 1179 1326 1474 1621 1768
 [4,]  737  884 1032 1179 1326 1474 1621 1768
 [5,]  737  884 1032 1179 1326 1474 1621 1768
 [6,]  737  884 1032 1179 1326 1474 1621 1768
 [7,]  737  884 1032 1179 1326 1474 1621 1768
 [8,]  737  884 1032 1179 1326 1474 1621 1768
 [9,]  737  884 1032 1179 1326 1474 1621 1768
[10,]  737  884 1032 1179 1326 1474 1621 1768

$pr.proc
[1] 0.001 0.001

$stI
[1] 1

$P_bound
[1] 0.0001 1.5000

$pen.bk
 [1] 0 0 0 0 0 0 0 0 0 0 0 0 0 0 0 0 0 0 0 0 0 0 0 0 0 0 0 0 0 0 0 0 0 0 0 0 0 0 0 0

$q_bounds
[1] 1e-30 1e+03

$sigmaobs_bound
[1] 1

$sigmaproc_bound
[1] 0.2

$SB0_bounds
[1] 1e-02 1e+10

$Stock
$Stock$minage
[1] 0

$Stock$maxage
[1] 20

$Stock$nsexes
[1] 1

$Stock$PlusGroup
[1] FALSE

$Stock$Growth
[1] "VBGF (Linf, k, t0)"

$Stock$vb.female
[1] 1372.000    0.115   -0.815

$Stock$vb.male
[1] 1372.000    0.115   -0.815

$Stock$LW
[1] "Length-Weight relationship (a,b)"

$Stock$lw.female
[1] 0.000006 3.070000

$Stock$lw.male
[1] NA NA

$Stock$Maturation
[1] "Maturity@Age(50%, 95%)"

$Stock$maturity
[1] 2.5 2.6

$Stock$NatMortality
[1] "Natural Mortality (M): Mean, CV"

$Stock$M
[1] 0.18 0.25

$Stock$SSR
[1] "B&H steepness (h): mean, CV"

$Stock$h
[1] 0.80 0.15


$Model.type
[1] "JS"

$proc.dev.all
[1] 1

$Bmsy_target
[1] 0.4

$Do.Projection
[1] TRUE

$TAC.implementation
[1] 41

$catch.metric
[1] "(t)"

$harvest.label
[1] "Fmsy"

$Run.CPUE.avg.tool
[1] TRUE

$Use.avg.CPUE
[1] FALSE

$Specify.init.values
[1] FALSE

$save.trajectories
[1] TRUE

$save.large.posterior.object
[1] FALSE

$Seed
[1] 126475

$MCMC.ni
[1] 14000

$MCMC.saved.steps
[1] 2

$MCMC.burnin
[1] 4000

$MCMC.Chains
[1] 3

$MCMC.saved
[1] 15000

